# Hexagonal side 5mm, cell height 20mm, TM diameter 1mm
# Vcathode   diaFe    dTmFe    Vfocus     nAll 1mm 2mm
-1000.000000 2.000000 1.000000 -900.000000 271 187 187
-1000.000000 2.000000 1.000000 -800.000000 271 121 121
-1000.000000 2.000000 1.000000 -700.000000 271 85 85
-1000.000000 2.000000 1.000000 -600.000000 271 61 61
-1000.000000 2.000000 1.000000 -500.000000 271 55 55
-1000.000000 2.000000 1.000000 -400.000000 271 37 37
-1000.000000 2.000000 1.000000 -300.000000 271 19 31
-1000.000000 2.000000 1.000000 -200.000000 271 13 19
-1000.000000 2.000000 1.000000 -100.000000 271 7 19
-1000.000000 2.000000 2.000000 -900.000000 271 121 121
-1000.000000 2.000000 2.000000 -800.000000 271 85 85
-1000.000000 2.000000 2.000000 -700.000000 271 55 55
-1000.000000 2.000000 2.000000 -600.000000 271 37 37
-1000.000000 2.000000 2.000000 -500.000000 271 31 37
-1000.000000 2.000000 2.000000 -400.000000 271 19 31
-1000.000000 2.000000 2.000000 -300.000000 271 13 19
-1000.000000 2.000000 2.000000 -200.000000 271 7 19
-1000.000000 2.000000 2.000000 -100.000000 271 1 13
-1000.000000 3.000000 1.000000 -900.000000 271 271 271
-1000.000000 3.000000 1.000000 -800.000000 271 162 241
-1000.000000 3.000000 1.000000 -700.000000 271 94 187
-1000.000000 3.000000 1.000000 -600.000000 271 61 151
-1000.000000 3.000000 1.000000 -500.000000 271 41 121
-1000.000000 3.000000 1.000000 -400.000000 271 31 91
-1000.000000 3.000000 1.000000 -300.000000 271 19 73
-1000.000000 3.000000 1.000000 -200.000000 271 13 47
-1000.000000 3.000000 1.000000 -100.000000 271 7 19
-1000.000000 3.000000 2.000000 -900.000000 271 223 253
-1000.000000 3.000000 2.000000 -800.000000 271 109 163
-1000.000000 3.000000 2.000000 -700.000000 271 61 121
-1000.000000 3.000000 2.000000 -600.000000 271 38 97
-1000.000000 3.000000 2.000000 -500.000000 271 31 85
-1000.000000 3.000000 2.000000 -400.000000 271 19 61
-1000.000000 3.000000 2.000000 -300.000000 271 13 46
-1000.000000 3.000000 2.000000 -200.000000 271 7 31
-1000.000000 3.000000 2.000000 -100.000000 271 1 13
-1000.000000 3.000000 3.000000 -900.000000 271 161 211
-1000.000000 3.000000 3.000000 -800.000000 271 76 129
-1000.000000 3.000000 3.000000 -700.000000 271 39 97
-1000.000000 3.000000 3.000000 -600.000000 271 31 85
-1000.000000 3.000000 3.000000 -500.000000 271 19 61
-1000.000000 3.000000 3.000000 -400.000000 271 13 50
-1000.000000 3.000000 3.000000 -300.000000 271 7 31
-1000.000000 3.000000 3.000000 -200.000000 271 7 19
-1000.000000 3.000000 3.000000 -100.000000 271 1 7
-1000.000000 3.000000 4.000000 -900.000000 271 121 163
-1000.000000 3.000000 4.000000 -800.000000 271 55 109
-1000.000000 3.000000 4.000000 -700.000000 271 35 85
-1000.000000 3.000000 4.000000 -600.000000 271 19 61
-1000.000000 3.000000 4.000000 -500.000000 271 13 55
-1000.000000 3.000000 4.000000 -400.000000 271 7 37
-1000.000000 3.000000 4.000000 -300.000000 271 7 19
-1000.000000 3.000000 4.000000 -200.000000 271 5 13
-1000.000000 3.000000 4.000000 -100.000000 271 1 7
-1000.000000 3.000000 5.000000 -900.000000 271 89 151
-1000.000000 3.000000 5.000000 -800.000000 271 38 91
-1000.000000 3.000000 5.000000 -700.000000 271 23 71
-1000.000000 3.000000 5.000000 -600.000000 271 19 55
-1000.000000 3.000000 5.000000 -500.000000 271 9 37
-1000.000000 3.000000 5.000000 -400.000000 271 7 31
-1000.000000 3.000000 5.000000 -300.000000 271 7 19
-1000.000000 3.000000 5.000000 -200.000000 271 1 8
-1000.000000 3.000000 5.000000 -100.000000 271 1 7
-1000.000000 3.000000 6.000000 -900.000000 271 72 121
-1000.000000 3.000000 6.000000 -800.000000 271 35 85
-1000.000000 3.000000 6.000000 -700.000000 271 19 61
-1000.000000 3.000000 6.000000 -600.000000 271 13 47
-1000.000000 3.000000 6.000000 -500.000000 271 7 31
-1000.000000 3.000000 6.000000 -400.000000 271 7 19
-1000.000000 3.000000 6.000000 -300.000000 271 5 13
-1000.000000 3.000000 6.000000 -200.000000 271 1 7
-1000.000000 3.000000 6.000000 -100.000000 271 1 5
-1000.000000 3.000000 7.000000 -900.000000 271 57 121
-1000.000000 3.000000 7.000000 -800.000000 271 23 73
-1000.000000 3.000000 7.000000 -700.000000 271 17 55
-1000.000000 3.000000 7.000000 -600.000000 271 7 36
-1000.000000 3.000000 7.000000 -500.000000 271 7 21
-1000.000000 3.000000 7.000000 -400.000000 271 7 18
-1000.000000 3.000000 7.000000 -300.000000 271 1 7
-1000.000000 3.000000 7.000000 -200.000000 271 1 7
-1000.000000 3.000000 7.000000 -100.000000 271 1 1
-1000.000000 3.000000 8.000000 -900.000000 271 48 97
-1000.000000 3.000000 8.000000 -800.000000 271 19 61
-1000.000000 3.000000 8.000000 -700.000000 271 13 47
-1000.000000 3.000000 8.000000 -600.000000 271 7 31
-1000.000000 3.000000 8.000000 -500.000000 271 7 19
-1000.000000 3.000000 8.000000 -400.000000 271 5 13
-1000.000000 3.000000 8.000000 -300.000000 271 1 7
-1000.000000 3.000000 8.000000 -200.000000 271 1 7
-1000.000000 3.000000 8.000000 -100.000000 271 1 1
-1000.000000 3.000000 9.000000 -900.000000 271 40 85
-1000.000000 3.000000 9.000000 -800.000000 271 19 55
-1000.000000 3.000000 9.000000 -700.000000 271 11 37
-1000.000000 3.000000 9.000000 -600.000000 271 7 28
-1000.000000 3.000000 9.000000 -500.000000 271 7 19
-1000.000000 3.000000 9.000000 -400.000000 271 1 13
-1000.000000 3.000000 9.000000 -300.000000 271 1 7
-1000.000000 3.000000 9.000000 -200.000000 271 1 7
-1000.000000 3.000000 9.000000 -100.000000 271 1 1
-1000.000000 3.000000 10.000000 -900.000000 271 31 85
-1000.000000 3.000000 10.000000 -800.000000 271 15 55
-1000.000000 3.000000 10.000000 -700.000000 271 7 31
-1000.000000 3.000000 10.000000 -600.000000 271 7 19
-1000.000000 3.000000 10.000000 -500.000000 271 5 13
-1000.000000 3.000000 10.000000 -400.000000 271 1 7
-1000.000000 3.000000 10.000000 -300.000000 271 1 7
-1000.000000 3.000000 10.000000 -200.000000 271 1 1
-1000.000000 3.000000 10.000000 -100.000000 271 1 1
-1000.000000 4.000000 1.000000 -900.000000 271 212 271
-1000.000000 4.000000 1.000000 -800.000000 271 121 271
-1000.000000 4.000000 1.000000 -700.000000 271 77 271
-1000.000000 4.000000 1.000000 -600.000000 271 55 203
-1000.000000 4.000000 1.000000 -500.000000 271 37 142
-1000.000000 4.000000 1.000000 -400.000000 271 19 91
-1000.000000 4.000000 1.000000 -300.000000 271 19 61
-1000.000000 4.000000 1.000000 -200.000000 271 7 37
-1000.000000 4.000000 1.000000 -100.000000 271 7 19
-1000.000000 4.000000 2.000000 -900.000000 271 181 271
-1000.000000 4.000000 2.000000 -800.000000 271 89 265
-1000.000000 4.000000 2.000000 -700.000000 271 55 211
-1000.000000 4.000000 2.000000 -600.000000 271 37 147
-1000.000000 4.000000 2.000000 -500.000000 271 26 96
-1000.000000 4.000000 2.000000 -400.000000 271 19 63
-1000.000000 4.000000 2.000000 -300.000000 271 13 39
-1000.000000 4.000000 2.000000 -200.000000 271 7 31
-1000.000000 4.000000 2.000000 -100.000000 271 1 13
-1000.000000 4.000000 3.010000 -900.000000 271 138 271
-1000.000000 4.000000 3.010000 -800.000000 271 66 211
-1000.000000 4.000000 3.010000 -700.000000 271 38 159
-1000.000000 4.000000 3.010000 -600.000000 271 31 102
-1000.000000 4.000000 3.010000 -500.000000 271 19 65
-1000.000000 4.000000 3.010000 -400.000000 271 13 47
-1000.000000 4.000000 3.010000 -300.000000 271 7 31
-1000.000000 4.000000 3.010000 -200.000000 271 7 19
-1000.000000 4.000000 3.010000 -100.000000 271 1 7
-1000.000000 4.000000 4.000000 -900.000000 271 112 265
-1000.000000 4.000000 4.000000 -800.000000 271 55 195
-1000.000000 4.000000 4.000000 -700.000000 271 31 118
-1000.000000 4.000000 4.000000 -600.000000 271 19 78
-1000.000000 4.000000 4.000000 -500.000000 271 13 55
-1000.000000 4.000000 4.000000 -400.000000 271 7 37
-1000.000000 4.000000 4.000000 -300.000000 271 7 19
-1000.000000 4.000000 4.000000 -200.000000 271 5 13
-1000.000000 4.000000 4.000000 -100.000000 271 1 7
-1000.000000 4.000000 5.000000 -900.000000 271 86 241
-1000.000000 4.000000 5.000000 -800.000000 271 37 154
-1000.000000 4.000000 5.000000 -700.000000 271 20 89
-1000.000000 4.000000 5.000000 -600.000000 271 19 59
-1000.000000 4.000000 5.000000 -500.000000 271 9 37
-1000.000000 4.000000 5.000000 -400.000000 271 7 28
-1000.000000 4.000000 5.000000 -300.000000 271 7 19
-1000.000000 4.000000 5.000000 -200.000000 271 1 8
-1000.000000 4.000000 5.000000 -100.000000 271 1 7
-1000.000000 4.000000 6.000000 -900.000000 271 65 211
-1000.000000 4.000000 6.000000 -800.000000 271 32 121
-1000.000000 4.000000 6.000000 -700.000000 271 19 70
-1000.000000 4.000000 6.000000 -600.000000 271 13 47
-1000.000000 4.000000 6.000000 -500.000000 271 7 31
-1000.000000 4.000000 6.000000 -400.000000 271 7 19
-1000.000000 4.000000 6.000000 -300.000000 271 5 13
-1000.000000 4.000000 6.000000 -200.000000 271 1 7
-1000.000000 4.000000 6.000000 -100.000000 271 1 5
-1000.000000 4.000000 7.000000 -900.000000 271 55 199
-1000.000000 4.000000 7.000000 -800.000000 271 24 94
-1000.000000 4.000000 7.000000 -700.000000 271 18 59
-1000.000000 4.000000 7.000000 -600.000000 271 7 37
-1000.000000 4.000000 7.000000 -500.000000 271 7 23
-1000.000000 4.000000 7.000000 -400.000000 271 7 19
-1000.000000 4.000000 7.000000 -300.000000 271 1 9
-1000.000000 4.000000 7.000000 -200.000000 271 1 7
-1000.000000 4.000000 7.000000 -100.000000 271 1 1
-1000.000000 4.000000 8.000000 -900.000000 271 40 163
-1000.000000 4.000000 8.000000 -800.000000 271 19 81
-1000.000000 4.000000 8.000000 -700.000000 271 13 47
-1000.000000 4.000000 8.000000 -600.000000 271 7 31
-1000.000000 4.000000 8.000000 -500.000000 271 7 19
-1000.000000 4.000000 8.000000 -400.000000 271 5 13
-1000.000000 4.000000 8.000000 -300.000000 271 1 7
-1000.000000 4.000000 8.000000 -200.000000 271 1 7
-1000.000000 4.000000 8.000000 -100.000000 271 1 1
-1000.000000 5.000000 1.000000 -900.000000 271 137 270
-1000.000000 5.000000 1.000000 -800.000000 271 85 271
-1000.000000 5.000000 1.000000 -700.000000 271 56 218
-1000.000000 5.000000 1.000000 -600.000000 271 37 159
-1000.000000 5.000000 1.000000 -500.000000 271 31 114
-1000.000000 5.000000 1.000000 -400.000000 271 19 85
-1000.000000 5.000000 1.000000 -300.000000 271 13 55
-1000.000000 5.000000 1.000000 -200.000000 271 7 37
-1000.000000 5.000000 1.000000 -100.000000 271 7 19
-1000.000000 5.000000 2.000000 -900.000000 271 135 271
-1000.000000 5.000000 2.000000 -800.000000 271 78 271
-1000.000000 5.000000 2.000000 -700.000000 271 51 186
-1000.000000 5.000000 2.000000 -600.000000 271 35 122
-1000.000000 5.000000 2.000000 -500.000000 271 19 85
-1000.000000 5.000000 2.000000 -400.000000 271 19 60
-1000.000000 5.000000 2.000000 -300.000000 271 9 37
-1000.000000 5.000000 2.000000 -200.000000 271 7 23
-1000.000000 5.000000 2.000000 -100.000000 271 1 13
-1000.000000 5.000000 4.000000 -900.000000 271 90 271
-1000.000000 5.000000 4.000000 -800.000000 271 50 177
-1000.000000 5.000000 4.000000 -700.000000 271 31 113
-1000.000000 5.000000 4.000000 -600.000000 271 19 76
-1000.000000 5.000000 4.000000 -500.000000 271 13 54
-1000.000000 5.000000 4.000000 -400.000000 271 7 35
-1000.000000 5.000000 4.000000 -300.000000 271 7 19
-1000.000000 5.000000 4.000000 -200.000000 271 5 13
-1000.000000 5.000000 4.000000 -100.000000 271 1 7
-1000.000000 5.000000 5.000000 -900.000000 271 79 269
-1000.000000 5.000000 5.000000 -800.000000 271 37 141
-1000.000000 5.000000 5.000000 -700.000000 271 19 86
-1000.000000 5.000000 5.000000 -600.000000 271 17 59
-1000.000000 5.000000 5.000000 -500.000000 271 9 37
-1000.000000 5.000000 5.000000 -400.000000 271 7 27
-1000.000000 5.000000 5.000000 -300.000000 271 7 19
-1000.000000 5.000000 5.000000 -200.000000 271 1 9
-1000.000000 5.000000 5.000000 -100.000000 271 1 7
-1000.000000 5.000000 6.000000 -900.000000 271 60 227
-1000.000000 5.000000 6.000000 -800.000000 271 31 117
-1000.000000 5.000000 6.000000 -700.000000 271 19 65
-1000.000000 5.000000 6.000000 -600.000000 271 13 47
-1000.000000 5.000000 6.000000 -500.000000 271 7 31
-1000.000000 5.000000 6.000000 -400.000000 271 7 19
-1000.000000 5.000000 6.000000 -300.000000 271 5 13
-1000.000000 5.000000 6.000000 -200.000000 271 1 7
-1000.000000 5.000000 6.000000 -100.000000 271 1 7
-1000.000000 5.000000 7.000000 -900.000000 271 55 190
-1000.000000 5.000000 7.000000 -800.000000 271 23 91
-1000.000000 5.000000 7.000000 -700.000000 271 17 55
-1000.000000 5.000000 7.000000 -600.000000 271 7 37
-1000.000000 5.000000 7.000000 -500.000000 271 7 23
-1000.000000 5.000000 7.000000 -400.000000 271 7 19
-1000.000000 5.000000 7.000000 -300.000000 271 1 9
-1000.000000 5.000000 7.000000 -200.000000 271 1 7
-1000.000000 5.000000 7.000000 -100.000000 271 1 1
-1000.000000 5.000000 8.000000 -900.000000 271 38 159
-1000.000000 5.000000 8.000000 -800.000000 271 19 77
-1000.000000 5.000000 8.000000 -700.000000 271 13 46
-1000.000000 5.000000 8.000000 -600.000000 271 7 31
-1000.000000 5.000000 8.000000 -500.000000 271 7 19
-1000.000000 5.000000 8.000000 -400.000000 271 5 13
-1000.000000 5.000000 8.000000 -300.000000 271 1 7
-1000.000000 5.000000 8.000000 -200.000000 271 1 7
-1000.000000 5.000000 8.000000 -100.000000 271 1 1
-1000.000000 5.000000 9.000000 -900.000000 271 35 129
-1000.000000 5.000000 9.000000 -800.000000 271 19 61
-1000.000000 5.000000 9.000000 -700.000000 271 7 37
-1000.000000 5.000000 9.000000 -600.000000 271 7 23
-1000.000000 5.000000 9.000000 -500.000000 271 7 19
-1000.000000 5.000000 9.000000 -400.000000 271 1 9
-1000.000000 5.000000 9.000000 -300.000000 271 1 7
-1000.000000 5.000000 9.000000 -200.000000 271 1 7
-1000.000000 5.000000 9.000000 -100.000000 271 1 1
-1000.000000 5.000000 10.000000 -900.000000 271 31 111
-1000.000000 5.000000 10.000000 -800.000000 271 13 55
-1000.000000 5.000000 10.000000 -700.000000 271 7 31
-1000.000000 5.000000 10.000000 -600.000000 271 7 19
-1000.000000 5.000000 10.000000 -500.000000 271 5 13
-1000.000000 5.000000 10.000000 -400.000000 271 1 7
-1000.000000 5.000000 10.000000 -300.000000 271 1 7
-1000.000000 5.000000 10.000000 -200.000000 271 1 5
-1000.000000 5.000000 10.000000 -100.000000 271 1 1
-1000.000000 6.000000 1.000000 -900.000000 271 87 271
-1000.000000 6.000000 1.000000 -800.000000 271 59 228
-1000.000000 6.000000 1.000000 -700.000000 271 39 167
-1000.000000 6.000000 1.000000 -600.000000 271 31 121
-1000.000000 6.000000 1.000000 -500.000000 271 19 87
-1000.000000 6.000000 1.000000 -400.000000 271 19 64
-1000.000000 6.000000 1.000000 -300.000000 271 13 47
-1000.000000 6.000000 1.000000 -200.000000 271 7 31
-1000.000000 6.000000 1.000000 -100.000000 271 7 19
-1000.000000 6.000000 2.000000 -900.000000 271 93 271
-1000.000000 6.000000 2.000000 -800.000000 271 59 225
-1000.000000 6.000000 2.000000 -700.000000 271 37 157
-1000.000000 6.000000 2.000000 -600.000000 271 31 110
-1000.000000 6.000000 2.000000 -500.000000 271 19 80
-1000.000000 6.000000 2.000000 -400.000000 271 16 55
-1000.000000 6.000000 2.000000 -300.000000 271 7 37
-1000.000000 6.000000 2.000000 -200.000000 271 7 19
-1000.000000 6.000000 2.000000 -100.000000 271 1 13
-1000.000000 6.000000 3.500000 -900.000000 271 84 271
-1000.000000 6.000000 3.500000 -800.000000 271 46 174
-1000.000000 6.000000 3.500000 -700.000000 271 31 116
-1000.000000 6.000000 3.500000 -600.000000 271 19 81
-1000.000000 6.000000 3.500000 -500.000000 271 17 55
-1000.000000 6.000000 3.500000 -400.000000 271 7 37
-1000.000000 6.000000 3.500000 -300.000000 271 7 23
-1000.000000 6.000000 3.500000 -200.000000 271 7 19
-1000.000000 6.000000 3.500000 -100.000000 271 1 7
-1000.000000 6.000000 4.000000 -900.000000 271 80 271
-1000.000000 6.000000 4.000000 -800.000000 271 39 159
-1000.000000 6.000000 4.000000 -700.000000 271 28 99
-1000.000000 6.000000 4.000000 -600.000000 271 19 65
-1000.000000 6.000000 4.000000 -500.000000 271 13 50
-1000.000000 6.000000 4.000000 -400.000000 271 7 35
-1000.000000 6.000000 4.000000 -300.000000 271 7 19
-1000.000000 6.000000 4.000000 -200.000000 271 5 13
-1000.000000 6.000000 4.000000 -100.000000 271 1 7
-1000.000000 6.000000 5.000000 -900.000000 271 62 237
-1000.000000 6.000000 5.000000 -800.000000 271 35 129
-1000.000000 6.000000 5.000000 -700.000000 271 19 85
-1000.000000 6.000000 5.000000 -600.000000 271 17 55
-1000.000000 6.000000 5.000000 -500.000000 271 7 37
-1000.000000 6.000000 5.000000 -400.000000 271 7 25
-1000.000000 6.000000 5.000000 -300.000000 271 7 19
-1000.000000 6.000000 5.000000 -200.000000 271 1 9
-1000.000000 6.000000 5.000000 -100.000000 271 1 7
-1000.000000 6.000000 6.000000 -900.000000 271 55 204
-1000.000000 6.000000 6.000000 -800.000000 271 31 104
-1000.000000 6.000000 6.000000 -700.000000 271 19 65
-1000.000000 6.000000 6.000000 -600.000000 271 13 39
-1000.000000 6.000000 6.000000 -500.000000 271 7 31
-1000.000000 6.000000 6.000000 -400.000000 271 7 19
-1000.000000 6.000000 6.000000 -300.000000 271 5 13
-1000.000000 6.000000 6.000000 -200.000000 271 1 7
-1000.000000 6.000000 6.000000 -100.000000 271 1 7
-1000.000000 6.000000 8.000000 -900.000000 271 37 142
-1000.000000 6.000000 8.000000 -800.000000 271 19 70
-1000.000000 6.000000 8.000000 -700.000000 271 13 39
-1000.000000 6.000000 8.000000 -600.000000 271 7 31
-1000.000000 6.000000 8.000000 -500.000000 271 7 19
-1000.000000 6.000000 8.000000 -400.000000 271 5 13
-1000.000000 6.000000 8.000000 -300.000000 271 1 7
-1000.000000 6.000000 8.000000 -200.000000 271 1 7
-1000.000000 6.000000 8.000000 -100.000000 271 1 1
-1000.000000 7.000000 1.000000 -900.000000 271 57 215
-1000.000000 7.000000 1.000000 -800.000000 271 39 160
-1000.000000 7.000000 1.000000 -700.000000 271 35 119
-1000.000000 7.000000 1.000000 -600.000000 271 23 94
-1000.000000 7.000000 1.000000 -500.000000 271 19 67
-1000.000000 7.000000 1.000000 -400.000000 271 16 55
-1000.000000 7.000000 1.000000 -300.000000 271 9 37
-1000.000000 7.000000 1.000000 -200.000000 271 7 31
-1000.000000 7.000000 1.000000 -100.000000 271 7 19
-1000.000000 7.000000 2.000000 -900.000000 271 64 248
-1000.000000 7.000000 2.000000 -800.000000 271 42 174
-1000.000000 7.000000 2.000000 -700.000000 271 33 123
-1000.000000 7.000000 2.000000 -600.000000 271 19 89
-1000.000000 7.000000 2.000000 -500.000000 271 19 65
-1000.000000 7.000000 2.000000 -400.000000 271 13 51
-1000.000000 7.000000 2.000000 -300.000000 271 7 35
-1000.000000 7.000000 2.000000 -200.000000 271 7 19
-1000.000000 7.000000 2.000000 -100.000000 271 5 13
-1000.000000 7.000000 3.500000 -900.000000 271 60 228
-1000.000000 7.000000 3.500000 -800.000000 271 37 147
-1000.000000 7.000000 3.500000 -700.000000 271 27 97
-1000.000000 7.000000 3.500000 -600.000000 271 19 65
-1000.000000 7.000000 3.500000 -500.000000 271 13 51
-1000.000000 7.000000 3.500000 -400.000000 271 7 36
-1000.000000 7.000000 3.500000 -300.000000 271 7 22
-1000.000000 7.000000 3.500000 -200.000000 271 7 19
-1000.000000 7.000000 3.500000 -100.000000 271 1 7
-1000.000000 7.000000 4.000000 -900.000000 271 59 218
-1000.000000 7.000000 4.000000 -800.000000 271 37 133
-1000.000000 7.000000 4.000000 -700.000000 271 21 89
-1000.000000 7.000000 4.000000 -600.000000 271 19 61
-1000.000000 7.000000 4.000000 -500.000000 271 13 39
-1000.000000 7.000000 4.000000 -400.000000 271 7 31
-1000.000000 7.000000 4.000000 -300.000000 271 7 19
-1000.000000 7.000000 4.000000 -200.000000 271 5 13
-1000.000000 7.000000 4.000000 -100.000000 271 1 7
-1000.000000 7.000000 5.000000 -900.000000 271 52 193
-1000.000000 7.000000 5.000000 -800.000000 271 31 117
-1000.000000 7.000000 5.000000 -700.000000 271 19 77
-1000.000000 7.000000 5.000000 -600.000000 271 13 55
-1000.000000 7.000000 5.000000 -500.000000 271 7 37
-1000.000000 7.000000 5.000000 -400.000000 271 7 23
-1000.000000 7.000000 5.000000 -300.000000 271 7 19
-1000.000000 7.000000 5.000000 -200.000000 271 1 9
-1000.000000 7.000000 5.000000 -100.000000 271 1 7
-1000.000000 7.000000 6.000000 -900.000000 271 39 164
-1000.000000 7.000000 6.000000 -800.000000 271 23 92
-1000.000000 7.000000 6.000000 -700.000000 271 19 59
-1000.000000 7.000000 6.000000 -600.000000 271 9 39
-1000.000000 7.000000 6.000000 -500.000000 271 7 31
-1000.000000 7.000000 6.000000 -400.000000 271 7 19
-1000.000000 7.000000 6.000000 -300.000000 271 5 13
-1000.000000 7.000000 6.000000 -200.000000 271 1 7
-1000.000000 7.000000 6.000000 -100.000000 271 1 7
-1000.000000 7.000000 7.000000 -900.000000 271 37 140
-1000.000000 7.000000 7.000000 -800.000000 271 19 81
-1000.000000 7.000000 7.000000 -700.000000 271 13 55
-1000.000000 7.000000 7.000000 -600.000000 271 7 35
-1000.000000 7.000000 7.000000 -500.000000 271 7 21
-1000.000000 7.000000 7.000000 -400.000000 271 7 19
-1000.000000 7.000000 7.000000 -300.000000 271 1 9
-1000.000000 7.000000 7.000000 -200.000000 271 1 7
-1000.000000 7.000000 7.000000 -100.000000 271 1 5
-1000.000000 7.000000 8.000000 -900.000000 271 33 121
-1000.000000 7.000000 8.000000 -800.000000 271 19 65
-1000.000000 7.000000 8.000000 -700.000000 271 11 39
-1000.000000 7.000000 8.000000 -600.000000 271 7 31
-1000.000000 7.000000 8.000000 -500.000000 271 7 19
-1000.000000 7.000000 8.000000 -400.000000 271 5 13
-1000.000000 7.000000 8.000000 -300.000000 271 1 7
-1000.000000 7.000000 8.000000 -200.000000 271 1 7
-1000.000000 7.000000 8.000000 -100.000000 271 1 1
-1000.000000 8.000000 1.000000 -900.000000 271 35 131
-1000.000000 8.000000 1.000000 -800.000000 271 27 100
-1000.000000 8.000000 1.000000 -700.000000 271 21 87
-1000.000000 8.000000 1.000000 -600.000000 271 19 67
-1000.000000 8.000000 1.000000 -500.000000 271 17 57
-1000.000000 8.000000 1.000000 -400.000000 271 9 41
-1000.000000 8.000000 1.000000 -300.000000 271 7 35
-1000.000000 8.000000 1.000000 -200.000000 271 7 23
-1000.000000 8.000000 1.000000 -100.000000 271 7 19
-1000.000000 8.000000 2.000000 -900.000000 271 39 165
-1000.000000 8.000000 2.000000 -800.000000 271 35 123
-1000.000000 8.000000 2.000000 -700.000000 271 23 95
-1000.000000 8.000000 2.000000 -600.000000 271 19 70
-1000.000000 8.000000 2.000000 -500.000000 271 17 56
-1000.000000 8.000000 2.000000 -400.000000 271 9 39
-1000.000000 8.000000 2.000000 -300.000000 271 7 31
-1000.000000 8.000000 2.000000 -200.000000 271 7 19
-1000.000000 8.000000 2.000000 -100.000000 271 5 13
-1000.000000 8.000000 3.500000 -900.000000 271 39 162
-1000.000000 8.000000 3.500000 -800.000000 271 31 117
-1000.000000 8.000000 3.500000 -700.000000 271 19 83
-1000.000000 8.000000 3.500000 -600.000000 271 18 59
-1000.000000 8.000000 3.500000 -500.000000 271 13 41
-1000.000000 8.000000 3.500000 -400.000000 271 7 35
-1000.000000 8.000000 3.500000 -300.000000 271 7 19
-1000.000000 8.000000 3.500000 -200.000000 271 7 17
-1000.000000 8.000000 3.500000 -100.000000 271 1 7
-1000.000000 8.000000 4.000000 -900.000000 271 39 159
-1000.000000 8.000000 4.000000 -800.000000 271 31 109
-1000.000000 8.000000 4.000000 -700.000000 271 19 81
-1000.000000 8.000000 4.000000 -600.000000 271 17 55
-1000.000000 8.000000 4.000000 -500.000000 271 9 37
-1000.000000 8.000000 4.000000 -400.000000 271 7 31
-1000.000000 8.000000 4.000000 -300.000000 271 7 19
-1000.000000 8.000000 4.000000 -200.000000 271 5 13
-1000.000000 8.000000 4.000000 -100.000000 271 1 7
-1000.000000 8.000000 5.000000 -900.000000 271 37 141
-1000.000000 8.000000 5.000000 -800.000000 271 23 90
-1000.000000 8.000000 5.000000 -700.000000 271 19 64
-1000.000000 8.000000 5.000000 -600.000000 271 13 47
-1000.000000 8.000000 5.000000 -500.000000 271 7 35
-1000.000000 8.000000 5.000000 -400.000000 271 7 20
-1000.000000 8.000000 5.000000 -300.000000 271 7 19
-1000.000000 8.000000 5.000000 -200.000000 271 1 9
-1000.000000 8.000000 5.000000 -100.000000 271 1 7
-1000.000000 8.000000 6.000000 -900.000000 271 35 124
-1000.000000 8.000000 6.000000 -800.000000 271 19 82
-1000.000000 8.000000 6.000000 -700.000000 271 17 55
-1000.000000 8.000000 6.000000 -600.000000 271 9 37
-1000.000000 8.000000 6.000000 -500.000000 271 7 31
-1000.000000 8.000000 6.000000 -400.000000 271 7 19
-1000.000000 8.000000 6.000000 -300.000000 271 5 13
-1000.000000 8.000000 6.000000 -200.000000 271 1 7
-1000.000000 8.000000 6.000000 -100.000000 271 1 7
-1000.000000 8.000000 7.000000 -900.000000 271 31 115
-1000.000000 8.000000 7.000000 -800.000000 271 19 65
-1000.000000 8.000000 7.000000 -700.000000 271 13 47
-1000.000000 8.000000 7.000000 -600.000000 271 7 35
-1000.000000 8.000000 7.000000 -500.000000 271 7 19
-1000.000000 8.000000 7.000000 -400.000000 271 7 19
-1000.000000 8.000000 7.000000 -300.000000 271 1 13
-1000.000000 8.000000 7.000000 -200.000000 271 1 7
-1000.000000 8.000000 7.000000 -100.000000 271 1 7
-1000.000000 8.000000 8.000000 -900.000000 271 26 95
-1000.000000 8.000000 8.000000 -800.000000 271 19 59
-1000.000000 8.000000 8.000000 -700.000000 271 9 37
-1000.000000 8.000000 8.000000 -600.000000 271 7 31
-1000.000000 8.000000 8.000000 -500.000000 271 7 19
-1000.000000 8.000000 8.000000 -400.000000 271 5 13
-1000.000000 8.000000 8.000000 -300.000000 271 1 7
-1000.000000 8.000000 8.000000 -200.000000 271 1 7
-1000.000000 8.000000 8.000000 -100.000000 271 1 5
-1000.000000 8.000000 9.000000 -900.000000 271 43 145
-1000.000000 8.000000 9.000000 -800.000000 271 30 70
-1000.000000 8.000000 9.000000 -700.000000 271 19 50
-1000.000000 8.000000 9.000000 -600.000000 271 13 30
-1000.000000 8.000000 9.000000 -500.000000 271 9 23
-1000.000000 8.000000 9.000000 -400.000000 271 5 20
-1000.000000 8.000000 9.000000 -300.000000 271 4 10
-1000.000000 8.000000 9.000000 -200.000000 271 4 10
-1000.000000 8.000000 9.000000 -100.000000 271 1 4
-1000.000000 8.000000 10.000000 -900.000000 271 19 70
-1000.000000 8.000000 10.000000 -800.000000 271 10 39
-1000.000000 8.000000 10.000000 -700.000000 271 7 31
-1000.000000 8.000000 10.000000 -600.000000 271 7 19
-1000.000000 8.000000 10.000000 -500.000000 271 5 13
-1000.000000 8.000000 10.000000 -400.000000 271 1 7
-1000.000000 8.000000 10.000000 -300.000000 271 1 7
-1000.000000 8.000000 10.000000 -200.000000 271 1 7
-1000.000000 8.000000 10.000000 -100.000000 271 1 1
